Structure_BG_Golem_Default_Mat3
0
4
-577.000000 245.000000 0.000000 0.000000
180.000000 180.000000 1.000000 1.000000
567.000000 245.000000 0.000000 0.000000
180.000000 180.000000 1.000000 1.000000
-577.000000 -255.000000 0.000000 0.000000
180.000000 180.000000 1.000000 1.000000
567.000000 -255.000000 0.000000 0.000000
180.000000 180.000000 1.000000 1.000000
4
3
400.000000 -200.000000 1.000000 1.000000
3
-400.000000 -200.000000 1.000000 1.000000
1
400.000000 200.000000 1.000000 1.000000
1
-400.000000 200.000000 1.000000 1.000000